10 24 8
3 6 5 9 2 1 2 3 9 6 10 2 1 3 2 3 9 2 3 11 2 3 7 8 
2 3 9 6 10 2 1 32 2 3 9 2 3 11 2 3 7 8 3 2 5 9 2 1 
4 9 5 9 2 4 2 3 9 6 10 2 1 3 2 3 9 22 3 11 2 3 7 8 
9 3 12 2 3 9 6 19 2 5 3 2 3 9 2 3 11 3 2 5 2 9 7 8 
5 2 7 21 2 1 2 3 9 6 10 2 1 3 2 3 9 2 3 11 2 3 7 8 
3 12 5 2 3 11 2 3 7 8 9 2 11 26 3 91 6 10 2 1 3 2 3 9
1 3 7 8 3 2 5 9 2 11 2 3 9 4 10 2 3 2 32 9 2 3 11 2 
3 24 9 4 3 11 2 3 2 5 9 2 12 2 3 9 6 10 72 1 3 2 7 8 
3 2 5 7 2 1 2 3 9 6 10 2 5 3 2 3 9 2 3 11 2 3 7 8 
1 2 3 9 6 10 2 1 13 8 3 9 2 3 11 2 3 4 81 3 2 5 9 2